-1.458022
3.873257
-2.28019
3.315378
0.156713
-1.354259
1.445204
-2.6751
4.620655
-0.37553
3.857997
-1.330149
0.947752
1.214789
2.389447
-1.891385
2.70867
0.172582
-0.624256
-4.175695
2.776421
2.610706
-2.715995
-3.001953
2.858516
-3.348643
-2.994629
-1.818445
0.629139
2.287515
4.524827
-1.465651
2.266762
-4.990539
-3.716697
4.985656
3.21955
4.76928
-1.452834
-4.615467
-4.998779
-3.167669
1.087222
-1.296579
0.839412
-3.905911
0.493332
-3.649556
-2.021699
1.410718
3.426466
3.660848
-0.539415
1.51204
-4.875484
-4.374981
3.188116
-0.937681
3.479568
-4.079562
1.086001
4.426557
3.98526
3.30195
-3.828089
-4.297464
-4.114963
4.420148
0.352031
-3.407239
4.817499
-2.869503
0.749077
-1.336863
2.28019
3.350475
-2.620167
-0.437178
-2.775506
-4.47264
-0.007477
3.763695
0.088656
-4.209571
-3.124027
-2.620777
4.586169
1.831263
3.456069
3.631855
0
0
0
0
0
0
0
0
0
0
