-1.453139
0.273904
4.978637
0.032807
-4.104587
4.637745
-3.805811
2.858211
-0.18479
0.24308
3.632466
-1.262703
4.728996
-3.537553
-3.748131
4.564806
3.629719
-1.712546
2.169103
1.720481
0.194861
-3.767357
0.194861
-2.298502
-4.85931
3.525956
-0.480209
3.321787
-4.122898
3.392895
-0.896481
0.786615
3.524125
4.254128
3.337352
2.964721
-3.643757
-4.355144
-4.465926
-0.841243
3.736229
2.669607
-4.18302
-2.303995
-0.406354
1.802271
4.963683
0.644704
-0.475021
-4.150365
0.767388
0.975219
0.562914
0.887326
-1.514481
-2.528611
-2.31315
2.977538
1.928312
-2.28721
-3.866237
-2.513047
-3.244575
4.430525
3.57326
-1.182745
2.544176
-4.440291
1.205023
3.352
-4.814142
3.292184
-2.150487
3.443861
-3.818018
2.446821
-3.914457
-4.75219
0.39201
3.469802
4.503159
-1.78457
-1.196478
0.373394
-4.870296
-0.941038
-2.114475
-1.06708
0.099643
-1.995758
0
0
0
0
0
0
0
0
0
0
