-3.364818
3.850368
4.395734
0.32548
2.431867
3.646199
0.740532
2.241127
-0.59801
-2.11417
2.664724
2.242958
2.952208
3.932768
2.344584
-3.985565
4.396039
-2.248756
-2.838374
0.575121
0.180212
2.48619
-4.772637
3.959319
4.098788
-1.929228
-2.198706
4.210791
1.554765
4.686575
0.164953
3.008057
-0.06119
-2.119968
-2.481918
4.230323
4.18302
-1.844386
-2.545396
2.775506
1.549272
2.850581
-4.415571
3.948027
4.724723
3.109684
-4.138157
-1.277963
-2.725455
3.768273
2.183142
-4.801019
0.524461
-1.039918
2.816095
1.568194
-4.070406
1.258736
4.225745
0.880917
1.995148
-2.833796
-4.145482
2.958922
-0.192114
-3.23603
2.424848
3.739586
-3.751793
0.334941
-4.680471
-2.623218
-1.063417
-0.229957
-0.387127
1.409497
1.980499
-2.425764
-1.698202
0.306558
-3.412122
1.28193
0.312967
-2.29545
-4.396649
-3.906522
3.83694
2.650075
-3.965423
3.550981
0
0
0
0
0
0
0
0
0
0
